
------------------------------------------------------------------------------------------------------------------------------------
All maxima | (local maximum, local maximiser)
Max no. 0 | (np.float64(7.381038478099994e-17), array([1.67789185e+00, 4.77044027e-01, 9.04060411e-02, 1.90908651e-01,
       9.98516989e-01, 6.76417097e+00, 7.77812205e+00, 5.00000000e+01,
       2.54751341e-02, 2.25114350e+00]))
Max no. 1 | (np.float64(5.385949693682374e-18), array([1.67922121e+00, 1.03730500e+00, 3.38475013e-02, 1.07881713e-01,
       9.99387647e-01, 7.04946162e+00, 1.13930661e+01, 3.68801056e+01,
       1.96523417e-02, 2.25109664e+00]))
Max no. 2 | (np.float64(3.0337497882010953e-18), array([ 1.95577262,  0.39250149,  0.15134902,  0.12295101,  0.44376881,
        8.25203552,  6.68686887, 29.05556827,  0.43722572,  4.6408513 ]))
Max no. 3 | (np.float64(1.3276715508914856e-18), array([1.69219626e+00, 1.13892947e+00, 8.75616214e-01, 7.00946625e-01,
       3.35495238e-01, 5.76994533e+00, 2.25000000e+00, 5.00000000e+01,
       1.00000000e-02, 1.00335751e+01]))
Max no. 4 | (np.float64(7.097248397468934e-20), array([1.30858348e+00, 1.26394286e+00, 7.38074998e-02, 6.73810723e-01,
       8.42530846e-01, 2.25000000e+00, 2.25000000e+00, 5.00000000e+01,
       1.00000000e-02, 2.25000000e+00]))
Max no. 5 | (np.float64(1.544799088550439e-20), array([1.61621777e+00, 6.84427467e-01, 1.42593301e-02, 2.65566292e-01,
       9.99500000e-01, 1.12716476e+01, 2.52103436e+00, 3.63062633e+01,
       5.91822892e-01, 2.25867585e+00]))
Max no. 6 | (np.float64(1.8289384208727176e-25), array([1.44733839e+00, 9.69415526e-01, 6.57385345e-02, 1.00728155e-02,
       4.69618322e-01, 2.30820444e+00, 2.25239460e+00, 5.00000000e+01,
       1.00000000e-02, 2.25000000e+00]))
Max no. 7 | (np.float64(-2.0412990347979987e-21), array([1.70340731e+00, 2.62493750e+00, 3.25342560e-02, 1.75138223e-02,
       7.26108415e-01, 2.50348469e+00, 3.09394847e+00, 5.00000000e+01,
       1.00000000e-02, 2.25000000e+00]))
Max no. 8 | (np.float64(-5.723284408595204e-21), array([1.54856261e+00, 7.99546926e-01, 3.08369160e-02, 1.00557403e-01,
       9.99500000e-01, 5.31120638e+00, 6.47886974e+00, 5.00000000e+01,
       1.00000000e-02, 8.09701529e+00]))
Max no. 9 | (np.float64(-1.8170006162366652e-19), array([1.85970237e+00, 3.73056369e-01, 4.42269875e-01, 3.08242263e-02,
       8.71387336e-01, 1.04839940e+01, 6.21601806e+00, 4.32014152e+01,
       9.14176642e-01, 2.29376495e+00]))
Max no. 10 | (np.float64(-3.731498335006264e-19), array([1.49266532e+00, 2.53154688e+00, 3.39361654e-01, 1.97112177e-01,
       9.97888906e-01, 2.25000000e+00, 2.40829032e+00, 5.00000000e+01,
       1.00000000e-02, 2.25000000e+00]))
Max no. 11 | (np.float64(-6.352936573974471e-19), array([ 1.23313051,  0.63418452,  0.24302082,  0.27638349,  0.11423475,
        6.35375609,  9.63430366, 43.49633372,  0.67319415,  2.59830014]))
Max no. 12 | (np.float64(-1.512361268531386e-18), array([ 1.10651623,  2.94718296,  0.3317003 ,  1.08848271,  0.87067583,
        2.82527337,  2.37989051, 50.        ,  0.06209234,  2.25518856]))
Max no. 13 | (np.float64(-9.045477818960393e-18), array([ 1.34693662,  0.13939211,  0.55081672,  0.50811989,  0.58866875,
        3.53256747,  4.42197395, 35.78188393,  0.42647549,  3.61557086]))
Max no. 14 | (np.float64(-2.1883635095868983e-17), array([1.05200000e+00, 2.38682789e+00, 3.06877734e-01, 1.06743477e+00,
       8.66524855e-01, 2.69140625e+00, 2.25000000e+00, 5.00000000e+01,
       1.00000000e-02, 2.25000000e+00]))
Max no. 15 | (np.float64(-2.5763937002308754e-16), array([ 1.24707968,  1.35977873,  0.39173574,  0.10147184,  0.45903248,
        2.30039347,  2.65271698, 25.06097576,  2.9985    ,  2.33269006]))
Max no. 16 | (np.float64(-4.844760533076647e-16), array([ 1.37830731,  0.21270875,  0.28362066,  0.16011894,  0.59639299,
       11.90727173,  8.59417863, 37.74931035,  0.94248788,  7.46323173]))
Max no. 17 | (np.float64(-7.722043834653236e-16), array([1.86398928e+00, 1.68428169e+00, 4.46517291e-01, 1.97628613e-02,
       6.53958192e-01, 1.05100933e+01, 6.21487028e+00, 3.12793426e+01,
       8.33099260e-01, 2.58183670e+00]))
Max no. 18 | (np.float64(-2.2925299170104107e-15), array([ 1.46583977,  1.71688341,  0.39402996,  0.67170803,  0.9995    ,
        4.22465413,  7.76346376, 16.22242554,  0.75482068, 11.64119002]))
Max no. 19 | (np.float64(-5.856341365604207e-15), array([ 1.06982809,  2.16739228,  0.3317935 ,  0.10870821,  0.35910582,
        3.46996553,  8.36632204, 50.        ,  0.15637797,  3.12817568]))
Max no. 20 | (np.float64(-4.353044942168722e-09), array([1.99350880e+00, 1.51290023e+00, 2.91742599e-01, 1.63481602e-01,
       4.30083255e-01, 8.21629628e+00, 6.45302995e+00, 2.90381514e+01,
       1.00000000e-02, 4.20481580e+00]))
Max no. 21 | (np.float64(-0.04449784246277856), array([1.94162238e+00, 1.78442243e+00, 1.44531061e-03, 3.71799606e-03,
       1.27053267e-06, 2.25077595e+00, 3.16079938e+00, 5.00000000e+01,
       1.00928966e-02, 2.25000841e+00]))
Max no. 22 | (np.float64(-0.04918474361658885), array([1.33376233e+00, 2.06460527e+00, 8.22164294e-01, 6.52030503e-02,
       6.00397886e-01, 2.32769712e+00, 2.49978081e+00, 5.00000000e+01,
       1.63439862e-02, 2.91618101e+00]))
Max no. 23 | (np.float64(-0.058255685988665276), array([1.96502880e+00, 1.97120339e+00, 3.85572201e-03, 5.45033554e-03,
       0.00000000e+00, 2.25192534e+00, 2.25192461e+00, 5.00000000e+01,
       1.01497352e-02, 2.25001347e+00]))
Max no. 24 | (np.float64(-0.06662150639024608), array([1.52069231e+00, 2.43815625e+00, 0.00000000e+00, 9.11178749e-06,
       9.36562090e-01, 2.25000000e+00, 2.25000210e+00, 5.00000000e+01,
       1.04057656e-02, 2.25003691e+00]))
Max no. 25 | (np.float64(-0.09756016031937563), array([ 1.05219532,  0.07154239,  1.99899965,  1.01355547,  0.9995    ,
        2.25040777,  6.8671875 , 50.        ,  0.26685418,  2.25014261]))
Max no. 26 | (np.float64(-0.09934341889954458), array([1.94138253e+00, 1.41086327e+00, 7.58568320e-03, 1.83359242e-02,
       3.38737379e-04, 2.25352454e+00, 3.16442385e+00, 5.00000000e+01,
       1.00000000e-02, 2.25000000e+00]))
Max no. 27 | (np.float64(-0.10823133964246369), array([1.63256823e+00, 1.87788840e+00, 0.00000000e+00, 0.00000000e+00,
       0.00000000e+00, 2.26270242e+00, 2.25000000e+00, 5.00000000e+01,
       1.27265325e-02, 2.25026125e+00]))
Max no. 28 | (np.float64(-0.11045875368398664), array([1.94794949e+00, 2.25137500e+00, 0.00000000e+00, 0.00000000e+00,
       0.00000000e+00, 2.25000000e+00, 2.25000000e+00, 5.00000000e+01,
       1.03808746e-02, 2.25003434e+00]))
Max no. 29 | (np.float64(-0.5840530550883518), array([ 1.23162408,  0.91434792,  0.25310616,  0.28388515,  0.11863014,
        6.3519407 ,  9.63523732, 43.50635871,  0.72002861,  2.62743435]))
Max no. 30 | (np.float64(-0.5929620857988646), array([1.35442712e+00, 2.86458156e+00, 0.00000000e+00, 0.00000000e+00,
       0.00000000e+00, 2.25000000e+00, 2.25000000e+00, 5.00000000e+01,
       1.00000000e-02, 2.25000000e+00]))
Max no. 31 | (np.float64(-0.7705622553061318), array([1.32501869e+00, 2.71900877e+00, 0.00000000e+00, 0.00000000e+00,
       0.00000000e+00, 2.25000000e+00, 2.25000000e+00, 5.00000000e+01,
       1.00000000e-02, 2.25000000e+00]))
------------------------------------------------------------------------------------------------------------------------------------
